0.13595555555555566
0.09166222222222221
0.10707777777777777
0.11595884444444438
0.13278250666666666
0.14423164888888887
0.16656524626666672
0.18336318517777767
0.21531229721466666
0.23813000765813327
0.2766159588309111
0.2913061805090902
0.3290597624152239
0.3399391628905933
0.37808203546277397
0.3844602490913371
0.41482773569854253
0.41327019467360604
0.4413297276211467
0.4328662393398679
0.4607530976990532
0.450454167783843
0.48076844587230316
0.46596781954756833
0.49563839753740324
0.47592616538030946
0.505491494475081
0.48197903804479253
0.5116340901347665
0.48552291465031944
0.5150938079912533
0.48788654696233547
0.5173515206298258
0.48926254100838945
0.5188962191674974
0.49029613066367383
0.5201290350965723
0.4911171157584946
0.5211711704043508
0.49182411268859827
0.5221134093279667
