22.573333333333334
22.347453333333362
22.063840888888922
21.758186444444444
21.41964076444443
21.09503107199999
20.773856122222224
20.481603473879993
20.25661242943332
20.098983896375508
20.0059784542285
19.968963241877773
19.97191065158606
19.99951746919953
20.070388106955583
20.139368273149955
20.179150792321813
20.250265779698058
20.329802393655687
20.399979089719803
20.494283405966215
20.570287113053716
20.64320114116665
20.72076500826166
20.80277757634815
20.92035798449827
20.97869138966791
21.085894393566004
21.199376993868334
21.2773116653532
21.360746317526072
21.44860779325678
21.541640424012147
21.63462365797886
21.728069086948054
21.852626841587185
21.9108267918974
22.000198835759708
22.107533970487264
22.192774210497454
22.291432555415135
